error(train): 0.017333333333333333
error(test): 0.02071563088512241