error(train): 0.4429530201342282
error(test): 0.5060240963855421