error(train): 0.20134228187919462
error(test): 0.21686746987951808