entropy: 0.9998952874186193
error: 0.4939759036144578