error(train): 0.464286
error(test): 0.535714